fhemamba-packed-v2 32768 64 32 3
input 64 64 0 64 -13.971809063189589 -13.502756297967755 -13.033703532745923 -12.564650767524089 -12.095598002302257 -11.626545237080423 -11.157492471858589 -10.688439706636757 -10.219386941414923 -9.750334176193089 -9.281281410971257 -8.812228645749423 -8.343175880527589 -7.874123115305757 -7.405070350083923 -6.93601758486209 -6.466964819640257 -5.997912054418424 -5.528859289196591 -5.059806523974757 -4.590753758752925 -4.121700993531091 -3.652648228309257 -3.183595463087425 -2.714542697865591 -2.245489932643757 -1.7764371674219248 -1.307384402200091 -0.838331636978257 -0.3692788717564248 0.0997738934654091 0.5688266586872412 1.0378794239090752 1.506932189130909 1.9759849543527412 2.445037719574575 2.9140904847964073 3.383143250018243 3.852196015240075 4.321248780461907 4.7903015456837394 5.259354310905575 5.728407076127407 6.197459841349239 6.666512606571075 7.135565371792907 7.604618137014739 8.073670902236575 8.542723667458407 9.01177643268024 9.480829197902075 9.949881963123907 10.41893472834574 10.887987493567575 11.357040258789407 11.82609302401124 12.295145789233075 12.764198554454907 13.23325131967674 13.702304084898572 14.171356850120407 14.64040961534224 15.109462380564072 15.578515145785905
mulp 64 64 1 0 64 1 1 1 1 1 1 1 1 1 1 1 1 1 1 1 1 1 1 1 1 1 1 1 1 1 1 1 1 1 1 1 1 1 1 1 1 1 1 1 1 1 1 1 1 1 1 1 1 1 1 1 1 1 1 1 1 1 1 1 1 1 1 1 1
mulp 64 64 1 1 64 1 1 1 1 1 1 1 1 1 1 1 1 1 1 1 1 1 1 1 1 1 1 1 1 1 1 1 1 1 1 1 1 1 1 1 1 1 1 1 1 1 1 1 1 1 1 1 1 1 1 1 1 1 1 1 1 1 1 1 1 1 1 1 1
mulp 64 64 1 2 64 1 1 1 1 1 1 1 1 1 1 1 1 1 1 1 1 1 1 1 1 1 1 1 1 1 1 1 1 1 1 1 1 1 1 1 1 1 1 1 1 1 1 1 1 1 1 1 1 1 1 1 1 1 1 1 1 1 1 1 1 1 1 1 1
mulp 64 64 1 3 64 1 1 1 1 1 1 1 1 1 1 1 1 1 1 1 1 1 1 1 1 1 1 1 1 1 1 1 1 1 1 1 1 1 1 1 1 1 1 1 1 1 1 1 1 1 1 1 1 1 1 1 1 1 1 1 1 1 1 1 1 1 1 1 1
mulp 64 64 1 4 64 1 1 1 1 1 1 1 1 1 1 1 1 1 1 1 1 1 1 1 1 1 1 1 1 1 1 1 1 1 1 1 1 1 1 1 1 1 1 1 1 1 1 1 1 1 1 1 1 1 1 1 1 1 1 1 1 1 1 1 1 1 1 1 1
mulp 64 64 1 5 64 1 1 1 1 1 1 1 1 1 1 1 1 1 1 1 1 1 1 1 1 1 1 1 1 1 1 1 1 1 1 1 1 1 1 1 1 1 1 1 1 1 1 1 1 1 1 1 1 1 1 1 1 1 1 1 1 1 1 1 1 1 1 1 1
mulp 64 64 1 6 64 1 1 1 1 1 1 1 1 1 1 1 1 1 1 1 1 1 1 1 1 1 1 1 1 1 1 1 1 1 1 1 1 1 1 1 1 1 1 1 1 1 1 1 1 1 1 1 1 1 1 1 1 1 1 1 1 1 1 1 1 1 1 1 1
mulp 64 64 1 7 64 1 1 1 1 1 1 1 1 1 1 1 1 1 1 1 1 1 1 1 1 1 1 1 1 1 1 1 1 1 1 1 1 1 1 1 1 1 1 1 1 1 1 1 1 1 1 1 1 1 1 1 1 1 1 1 1 1 1 1 1 1 1 1 1
mulp 64 64 1 8 64 1 1 1 1 1 1 1 1 1 1 1 1 1 1 1 1 1 1 1 1 1 1 1 1 1 1 1 1 1 1 1 1 1 1 1 1 1 1 1 1 1 1 1 1 1 1 1 1 1 1 1 1 1 1 1 1 1 1 1 1 1 1 1 1
mulp 64 64 1 9 64 1 1 1 1 1 1 1 1 1 1 1 1 1 1 1 1 1 1 1 1 1 1 1 1 1 1 1 1 1 1 1 1 1 1 1 1 1 1 1 1 1 1 1 1 1 1 1 1 1 1 1 1 1 1 1 1 1 1 1 1 1 1 1 1
mulp 64 64 1 10 64 1 1 1 1 1 1 1 1 1 1 1 1 1 1 1 1 1 1 1 1 1 1 1 1 1 1 1 1 1 1 1 1 1 1 1 1 1 1 1 1 1 1 1 1 1 1 1 1 1 1 1 1 1 1 1 1 1 1 1 1 1 1 1 1
mulp 64 64 1 11 64 1 1 1 1 1 1 1 1 1 1 1 1 1 1 1 1 1 1 1 1 1 1 1 1 1 1 1 1 1 1 1 1 1 1 1 1 1 1 1 1 1 1 1 1 1 1 1 1 1 1 1 1 1 1 1 1 1 1 1 1 1 1 1 1
mulp 64 64 1 12 64 1 1 1 1 1 1 1 1 1 1 1 1 1 1 1 1 1 1 1 1 1 1 1 1 1 1 1 1 1 1 1 1 1 1 1 1 1 1 1 1 1 1 1 1 1 1 1 1 1 1 1 1 1 1 1 1 1 1 1 1 1 1 1 1
mulp 64 64 1 13 64 1 1 1 1 1 1 1 1 1 1 1 1 1 1 1 1 1 1 1 1 1 1 1 1 1 1 1 1 1 1 1 1 1 1 1 1 1 1 1 1 1 1 1 1 1 1 1 1 1 1 1 1 1 1 1 1 1 1 1 1 1 1 1 1
mulp 64 64 1 14 64 1 1 1 1 1 1 1 1 1 1 1 1 1 1 1 1 1 1 1 1 1 1 1 1 1 1 1 1 1 1 1 1 1 1 1 1 1 1 1 1 1 1 1 1 1 1 1 1 1 1 1 1 1 1 1 1 1 1 1 1 1 1 1 1
mulp 64 64 1 15 64 1 1 1 1 1 1 1 1 1 1 1 1 1 1 1 1 1 1 1 1 1 1 1 1 1 1 1 1 1 1 1 1 1 1 1 1 1 1 1 1 1 1 1 1 1 1 1 1 1 1 1 1 1 1 1 1 1 1 1 1 1 1 1 1
mulp 64 64 1 16 64 1 1 1 1 1 1 1 1 1 1 1 1 1 1 1 1 1 1 1 1 1 1 1 1 1 1 1 1 1 1 1 1 1 1 1 1 1 1 1 1 1 1 1 1 1 1 1 1 1 1 1 1 1 1 1 1 1 1 1 1 1 1 1 1
mulp 64 64 1 17 64 1 1 1 1 1 1 1 1 1 1 1 1 1 1 1 1 1 1 1 1 1 1 1 1 1 1 1 1 1 1 1 1 1 1 1 1 1 1 1 1 1 1 1 1 1 1 1 1 1 1 1 1 1 1 1 1 1 1 1 1 1 1 1 1
mulp 64 64 1 18 64 1 1 1 1 1 1 1 1 1 1 1 1 1 1 1 1 1 1 1 1 1 1 1 1 1 1 1 1 1 1 1 1 1 1 1 1 1 1 1 1 1 1 1 1 1 1 1 1 1 1 1 1 1 1 1 1 1 1 1 1 1 1 1 1
mulp 64 64 1 19 64 1 1 1 1 1 1 1 1 1 1 1 1 1 1 1 1 1 1 1 1 1 1 1 1 1 1 1 1 1 1 1 1 1 1 1 1 1 1 1 1 1 1 1 1 1 1 1 1 1 1 1 1 1 1 1 1 1 1 1 1 1 1 1 1
mulp 64 64 1 20 64 1 1 1 1 1 1 1 1 1 1 1 1 1 1 1 1 1 1 1 1 1 1 1 1 1 1 1 1 1 1 1 1 1 1 1 1 1 1 1 1 1 1 1 1 1 1 1 1 1 1 1 1 1 1 1 1 1 1 1 1 1 1 1 1
mulp 64 64 1 21 64 1 1 1 1 1 1 1 1 1 1 1 1 1 1 1 1 1 1 1 1 1 1 1 1 1 1 1 1 1 1 1 1 1 1 1 1 1 1 1 1 1 1 1 1 1 1 1 1 1 1 1 1 1 1 1 1 1 1 1 1 1 1 1 1
mulp 64 64 1 22 64 1 1 1 1 1 1 1 1 1 1 1 1 1 1 1 1 1 1 1 1 1 1 1 1 1 1 1 1 1 1 1 1 1 1 1 1 1 1 1 1 1 1 1 1 1 1 1 1 1 1 1 1 1 1 1 1 1 1 1 1 1 1 1 1
mulp 64 64 1 23 64 1 1 1 1 1 1 1 1 1 1 1 1 1 1 1 1 1 1 1 1 1 1 1 1 1 1 1 1 1 1 1 1 1 1 1 1 1 1 1 1 1 1 1 1 1 1 1 1 1 1 1 1 1 1 1 1 1 1 1 1 1 1 1 1
mulp 64 64 1 24 64 1 1 1 1 1 1 1 1 1 1 1 1 1 1 1 1 1 1 1 1 1 1 1 1 1 1 1 1 1 1 1 1 1 1 1 1 1 1 1 1 1 1 1 1 1 1 1 1 1 1 1 1 1 1 1 1 1 1 1 1 1 1 1 1
mulp 64 64 1 25 64 1 1 1 1 1 1 1 1 1 1 1 1 1 1 1 1 1 1 1 1 1 1 1 1 1 1 1 1 1 1 1 1 1 1 1 1 1 1 1 1 1 1 1 1 1 1 1 1 1 1 1 1 1 1 1 1 1 1 1 1 1 1 1 1
mulp 64 64 1 26 64 1 1 1 1 1 1 1 1 1 1 1 1 1 1 1 1 1 1 1 1 1 1 1 1 1 1 1 1 1 1 1 1 1 1 1 1 1 1 1 1 1 1 1 1 1 1 1 1 1 1 1 1 1 1 1 1 1 1 1 1 1 1 1 1
mulp 64 64 1 27 64 1 1 1 1 1 1 1 1 1 1 1 1 1 1 1 1 1 1 1 1 1 1 1 1 1 1 1 1 1 1 1 1 1 1 1 1 1 1 1 1 1 1 1 1 1 1 1 1 1 1 1 1 1 1 1 1 1 1 1 1 1 1 1 1
cheb 64 64 1 28 34 -15.524232292432876 17.30946127309545 -0.1230796750894008 -0.01647566597955995 -0.2477764406278156 0.05845837846556824 -0.23056333028700324 0.19791508222131313 -0.13343627345878628 0.31897888821454323 0.08571869116972834 0.21528463548227442 0.275890824703363 -0.20189819408663404 0.05791092276236239 -0.3069808157226016 -0.3337821775206814 0.39963010835744467 0.2545746441382587 -0.21628987661363758 -0.10631668493529028 0.07308651674370818 0.029979028886952454 -0.017577869157737146 -0.0062516820080976586 0.0032195156901147688 0.0010162309142728641 -0.00046850044105681645 -0.00013335476792595308 5.5788942786115305e-05 1.4489070350359054e-05 -5.557264883686697e-06 -1.3288880460108265e-06 4.7109009145293957e-07
cheb 64 64 1 28 514 -15.524232292432876 17.30946127309545 -0.1230796750894008 -0.01647566597955995 -0.2477764406278156 0.05845837846556824 -0.23056333028700324 0.19791508222131313 -0.13343627345878628 0.31897888821454323 0.08571869116972834 0.21528463548227442 0.275890824703363 -0.20189819408663404 0.05791092276236239 -0.3069808157226016 -0.3337821775206814 0.39963010835744467 0.2545746441382587 -0.21628987661363758 -0.10631668493529028 0.07308651674370818 0.029979028886952454 -0.017577869157737146 -0.0062516820080976586 0.0032195156901147688 0.0010162309142728641 -0.00046850044105681645 -0.00013335476792595308 5.5788942786115305e-05 1.4489070350359054e-05 -5.557264883686697e-06 -1.3288880460108265e-06 4.7109009145293957e-07 1e-09 -1e-09 1e-09 -1e-09 1e-09 -1e-09 1e-09 -1e-09 1e-09 -1e-09 1e-09 -1e-09 1e-09 -1e-09 1e-09 -1e-09 1e-09 -1e-09 1e-09 -1e-09 1e-09 -1e-09 1e-09 -1e-09 1e-09 -1e-09 1e-09 -1e-09 1e-09 -1e-09 1e-09 -1e-09 1e-09 -1e-09 1e-09 -1e-09 1e-09 -1e-09 1e-09 -1e-09 1e-09 -1e-09 1e-09 -1e-09 1e-09 -1e-09 1e-09 -1e-09 1e-09 -1e-09 1e-09 -1e-09 1e-09 -1e-09 1e-09 -1e-09 1e-09 -1e-09 1e-09 -1e-09 1e-09 -1e-09 1e-09 -1e-09 1e-09 -1e-09 1e-09 -1e-09 1e-09 -1e-09 1e-09 -1e-09 1e-09 -1e-09 1e-09 -1e-09 1e-09 -1e-09 1e-09 -1e-09 1e-09 -1e-09 1e-09 -1e-09 1e-09 -1e-09 1e-09 -1e-09 1e-09 -1e-09 1e-09 -1e-09 1e-09 -1e-09 1e-09 -1e-09 1e-09 -1e-09 1e-09 -1e-09 1e-09 -1e-09 1e-09 -1e-09 1e-09 -1e-09 1e-09 -1e-09 1e-09 -1e-09 1e-09 -1e-09 1e-09 -1e-09 1e-09 -1e-09 1e-09 -1e-09 1e-09 -1e-09 1e-09 -1e-09 1e-09 -1e-09 1e-09 -1e-09 1e-09 -1e-09 1e-09 -1e-09 1e-09 -1e-09 1e-09 -1e-09 1e-09 -1e-09 1e-09 -1e-09 1e-09 -1e-09 1e-09 -1e-09 1e-09 -1e-09 1e-09 -1e-09 1e-09 -1e-09 1e-09 -1e-09 1e-09 -1e-09 1e-09 -1e-09 1e-09 -1e-09 1e-09 -1e-09 1e-09 -1e-09 1e-09 -1e-09 1e-09 -1e-09 1e-09 -1e-09 1e-09 -1e-09 1e-09 -1e-09 1e-09 -1e-09 1e-09 -1e-09 1e-09 -1e-09 1e-09 -1e-09 1e-09 -1e-09 1e-09 -1e-09 1e-09 -1e-09 1e-09 -1e-09 1e-09 -1e-09 1e-09 -1e-09 1e-09 -1e-09 1e-09 -1e-09 1e-09 -1e-09 1e-09 -1e-09 1e-09 -1e-09 1e-09 -1e-09 1e-09 -1e-09 1e-09 -1e-09 1e-09 -1e-09 1e-09 -1e-09 1e-09 -1e-09 1e-09 -1e-09 1e-09 -1e-09 1e-09 -1e-09 1e-09 -1e-09 1e-09 -1e-09 1e-09 -1e-09 1e-09 -1e-09 1e-09 -1e-09 1e-09 -1e-09 1e-09 -1e-09 1e-09 -1e-09 1e-09 -1e-09 1e-09 -1e-09 1e-09 -1e-09 1e-09 -1e-09 1e-09 -1e-09 1e-09 -1e-09 1e-09 -1e-09 1e-09 -1e-09 1e-09 -1e-09 1e-09 -1e-09 1e-09 -1e-09 1e-09 -1e-09 1e-09 -1e-09 1e-09 -1e-09 1e-09 -1e-09 1e-09 -1e-09 1e-09 -1e-09 1e-09 -1e-09 1e-09 -1e-09 1e-09 -1e-09 1e-09 -1e-09 1e-09 -1e-09 1e-09 -1e-09 1e-09 -1e-09 1e-09 -1e-09 1e-09 -1e-09 1e-09 -1e-09 1e-09 -1e-09 1e-09 -1e-09 1e-09 -1e-09 1e-09 -1e-09 1e-09 -1e-09 1e-09 -1e-09 1e-09 -1e-09 1e-09 -1e-09 1e-09 -1e-09 1e-09 -1e-09 1e-09 -1e-09 1e-09 -1e-09 1e-09 -1e-09 1e-09 -1e-09 1e-09 -1e-09 1e-09 -1e-09 1e-09 -1e-09 1e-09 -1e-09 1e-09 -1e-09 1e-09 -1e-09 1e-09 -1e-09 1e-09 -1e-09 1e-09 -1e-09 1e-09 -1e-09 1e-09 -1e-09 1e-09 -1e-09 1e-09 -1e-09 1e-09 -1e-09 1e-09 -1e-09 1e-09 -1e-09 1e-09 -1e-09 1e-09 -1e-09 1e-09 -1e-09 1e-09 -1e-09 1e-09 -1e-09 1e-09 -1e-09 1e-09 -1e-09 1e-09 -1e-09 1e-09 -1e-09 1e-09 -1e-09 1e-09 -1e-09 1e-09 -1e-09 1e-09 -1e-09 1e-09 -1e-09 1e-09 -1e-09 1e-09 -1e-09 1e-09 -1e-09 1e-09 -1e-09 1e-09 -1e-09 1e-09 -1e-09 1e-09 -1e-09 1e-09 -1e-09 1e-09 -1e-09 1e-09 -1e-09 1e-09 -1e-09 1e-09 -1e-09 1e-09 -1e-09 1e-09 -1e-09 1e-09 -1e-09 1e-09 -1e-09 1e-09 -1e-09 1e-09 -1e-09 1e-09 -1e-09 1e-09 -1e-09 1e-09 -1e-09 1e-09 -1e-09 1e-09 -1e-09 1e-09 -1e-09 1e-09 -1e-09 1e-09 -1e-09 1e-09 -1e-09 1e-09 -1e-09 1e-09 -1e-09 1e-09 -1e-09 1e-09 -1e-09 1e-09 -1e-09 1e-09 -1e-09 1e-09 -1e-09 1e-09 -1e-09 1e-09 -1e-09 1e-09 -1e-09 1e-09 -1e-09 1e-09 -1e-09 1e-09 -1e-09 1e-09 -1e-09 1e-09 -1e-09 1e-09 -1e-09 1e-09 -1e-09 1e-09 -1e-09 1e-09 -1e-09 1e-09 -1e-09 1e-09 -1e-09 1e-09 -1e-09 1e-09 -1e-09 1e-09 -1e-09 1e-09 -1e-09
cheb 64 64 1 28 34 -15.524232292432876 17.30946127309545 -0.1230796750894008 -0.01647566597955995 -0.2477764406278156 0.05845837846556824 -0.23056333028700324 0.19791508222131313 -0.13343627345878628 0.31897888821454323 0.08571869116972834 0.21528463548227442 0.275890824703363 -0.20189819408663404 0.05791092276236239 -0.3069808157226016 -0.3337821775206814 0.39963010835744467 0.2545746441382587 -0.21628987661363758 -0.10631668493529028 0.07308651674370818 0.029979028886952454 -0.017577869157737146 -0.0062516820080976586 0.0032195156901147688 0.0010162309142728641 -0.00046850044105681645 -0.00013335476792595308 5.5788942786115305e-05 1.4489070350359054e-05 -5.557264883686697e-06 -1.3288880460108265e-06 4.7109009145293957e-07
29 64 0.1646053311812441 0.5927030569367948 0.8927729207059404 0.9999984254776448 0.8912182043818163 0.5899291402568259 0.16121154039725094 -0.30232868135950985 -0.7005638602107945 -0.9474728573695479 -0.9897219290299905 -0.8181849791098077 -0.4699149219747761 -0.020140190379389522 0.43398500742053037 0.7943666809863729 0.9831600894730261 0.9595847305072047 0.728733122517154 0.3404706997750203 -0.1213354680514162 -0.5569324457694551 -0.872228617141903 -0.9991180212643389 -0.9101916863120542 -0.6246581974752703 -0.20419456907591027 0.26037637704196603 0.6687043525622219 0.932587941611747 0.9950266740734057 0.8425334554169398 0.5080478145282531 0.06382072802079311 -0.39419203270439546 -0.7670569050706945 -0.9742327604263793 -0.9709682813575186 -0.7579685565699938 -0.38124282461291525 0.07783378261846685 0.5200977930238553 0.850017371018177 0.9963278311213732 0.927425253910096 0.6581930852287745 0.2467871664973748 -0.2179263037465931 -0.6355663816842576 -0.9159202248366298 -0.998429603288322 -0.8652718996107233 -0.5452099848009654 -0.10737929205434882 0.3536459289124911 0.7382813429085298 0.9634433912985884 0.9804957492685151 0.7857549495287974 0.4212860861338117 -0.03418329393988895 -0.4822687875903786 -0.8261810963609815 -0.9916332549026536 0.1646053311812441 0.5927030569367948 0.8927729207059404 0.9999984254776448 0.8912182043818163 0.5899291402568259 0.16121154039725094 -0.30232868135950985 -0.7005638602107945 -0.9474728573695479 -0.9897219290299905 -0.8181849791098077 -0.4699149219747761 -0.020140190379389522 0.43398500742053037 0.7943666809863729 0.9831600894730261 0.9595847305072047 0.728733122517154 0.3404706997750203 -0.1213354680514162 -0.5569324457694551 -0.872228617141903 -0.9991180212643389 -0.9101916863120542 -0.6246581974752703 -0.20419456907591027 0.26037637704196603 0.6687043525622219 0.932587941611747 0.9950266740734057 0.8425334554169398 0.5080478145282531 0.06382072802079311 -0.39419203270439546 -0.7670569050706945 -0.9742327604263793 -0.9709682813575186 -0.7579685565699938 -0.38124282461291525 0.07783378261846685 0.5200977930238553 0.850017371018177 0.9963278311213732 0.927425253910096 0.6581930852287745 0.2467871664973748 -0.2179263037465931 -0.6355663816842576 -0.9159202248366298 -0.998429603288322 -0.8652718996107233 -0.5452099848009654 -0.10737929205434882 0.3536459289124911 0.7382813429085298 0.9634433912985884 0.9804957492685151 0.7857549495287974 0.4212860861338117 -0.03418329393988895 -0.4822687875903786 -0.8261810963609815 -0.9916332549026536
30 64 0.1646053268762584 0.5927030553230324 0.8927729232256447 0.9999984235534424 0.891218202205768 0.5899291419401922 0.16121154041746077 -0.30232868000476 -0.7005638601932529 -0.9474728580459344 -0.989721928592121 -0.8181849773222275 -0.469914920176923 -0.02014019060568384 0.43398500543211094 0.7943666808624977 0.9831600899264203 0.9595847307864511 0.7287331239756503 0.3404706989166233 -0.12133546809932971 -0.5569324470649423 -0.872228617110228 -0.9991180204566024 -0.9101916861887962 -0.6246581962872944 -0.20419456971882216 0.2603763760060055 0.6687043526829485 0.9325879410882106 0.9950266743517876 0.8425334568304721 0.5080478144728998 0.06382072742770474 -0.3941920326785005 -0.7670569059608374 -0.9742327607564417 -0.970968280201707 -0.75796855641273 -0.3812428243263287 0.07783378273139516 0.5200977917972098 0.8500173711830953 0.9963278306941654 0.9274252549044759 0.6581930853114664 0.24678716705697767 -0.21792630479730118 -0.6355663817360346 -0.9159202249870587 -0.9984296033938406 -0.8652718989021928 -0.5452099841685326 -0.10737929203876329 0.35364592887070806 0.7382813435350781 0.9634433922044506 0.9804957490192556 0.7857549494935426 0.42128608520131916 -0.03418329387830599 -0.4822687876364309 -0.826181096373153 -0.9916332550330316 0.1646053268762584 0.5927030553230324 0.8927729232256447 0.9999984235534424 0.891218202205768 0.5899291419401922 0.16121154041746077 -0.30232868000476 -0.7005638601932529 -0.9474728580459344 -0.989721928592121 -0.8181849773222275 -0.469914920176923 -0.02014019060568384 0.43398500543211094 0.7943666808624977 0.9831600899264203 0.9595847307864511 0.7287331239756503 0.3404706989166233 -0.12133546809932971 -0.5569324470649423 -0.872228617110228 -0.9991180204566024 -0.9101916861887962 -0.6246581962872944 -0.20419456971882216 0.2603763760060055 0.6687043526829485 0.9325879410882106 0.9950266743517876 0.8425334568304721 0.5080478144728998 0.06382072742770474 -0.3941920326785005 -0.7670569059608374 -0.9742327607564417 -0.970968280201707 -0.75796855641273 -0.3812428243263287 0.07783378273139516 0.5200977917972098 0.8500173711830953 0.9963278306941654 0.9274252549044759 0.6581930853114664 0.24678716705697767 -0.21792630479730118 -0.6355663817360346 -0.9159202249870587 -0.9984296033938406 -0.8652718989021928 -0.5452099841685326 -0.10737929203876329 0.35364592887070806 0.7382813435350781 0.9634433922044506 0.9804957490192556 0.7857549494935426 0.42128608520131916 -0.03418329387830599 -0.4822687876364309 -0.826181096373153 -0.9916332550330316
31 64 0.1646053311812441 0.5927030569367948 0.8927729207059404 0.9999984254776448 0.8912182043818163 0.5899291402568259 0.16121154039725094 -0.30232868135950985 -0.7005638602107945 -0.9474728573695479 -0.9897219290299905 -0.8181849791098077 -0.4699149219747761 -0.020140190379389522 0.43398500742053037 0.7943666809863729 0.9831600894730261 0.9595847305072047 0.728733122517154 0.3404706997750203 -0.1213354680514162 -0.5569324457694551 -0.872228617141903 -0.9991180212643389 -0.9101916863120542 -0.6246581974752703 -0.20419456907591027 0.26037637704196603 0.6687043525622219 0.932587941611747 0.9950266740734057 0.8425334554169398 0.5080478145282531 0.06382072802079311 -0.39419203270439546 -0.7670569050706945 -0.9742327604263793 -0.9709682813575186 -0.7579685565699938 -0.38124282461291525 0.07783378261846685 0.5200977930238553 0.850017371018177 0.9963278311213732 0.927425253910096 0.6581930852287745 0.2467871664973748 -0.2179263037465931 -0.6355663816842576 -0.9159202248366298 -0.998429603288322 -0.8652718996107233 -0.5452099848009654 -0.10737929205434882 0.3536459289124911 0.7382813429085298 0.9634433912985884 0.9804957492685151 0.7857549495287974 0.4212860861338117 -0.03418329393988895 -0.4822687875903786 -0.8261810963609815 -0.9916332549026536 0.1646053311812441 0.5927030569367948 0.8927729207059404 0.9999984254776448 0.8912182043818163 0.5899291402568259 0.16121154039725094 -0.30232868135950985 -0.7005638602107945 -0.9474728573695479 -0.9897219290299905 -0.8181849791098077 -0.4699149219747761 -0.020140190379389522 0.43398500742053037 0.7943666809863729 0.9831600894730261 0.9595847305072047 0.728733122517154 0.3404706997750203 -0.1213354680514162 -0.5569324457694551 -0.872228617141903 -0.9991180212643389 -0.9101916863120542 -0.6246581974752703 -0.20419456907591027 0.26037637704196603 0.6687043525622219 0.932587941611747 0.9950266740734057 0.8425334554169398 0.5080478145282531 0.06382072802079311 -0.39419203270439546 -0.7670569050706945 -0.9742327604263793 -0.9709682813575186 -0.7579685565699938 -0.38124282461291525 0.07783378261846685 0.5200977930238553 0.850017371018177 0.9963278311213732 0.927425253910096 0.6581930852287745 0.2467871664973748 -0.2179263037465931 -0.6355663816842576 -0.9159202248366298 -0.998429603288322 -0.8652718996107233 -0.5452099848009654 -0.10737929205434882 0.3536459289124911 0.7382813429085298 0.9634433912985884 0.9804957492685151 0.7857549495287974 0.4212860861338117 -0.03418329393988895 -0.4822687875903786 -0.8261810963609815 -0.9916332549026536
