fhemamba-packed-v2 32768 64 66 24
input 256 64 0 256 -8 -7.9372549019607845 -7.8745098039215691 -7.8117647058823527 -7.7490196078431373 -7.6862745098039218 -7.6235294117647054 -7.56078431372549 -7.4980392156862745 -7.4352941176470591 -7.3725490196078436 -7.3098039215686272 -7.2470588235294118 -7.1843137254901963 -7.12156862745098 -7.0588235294117645 -6.996078431372549 -6.9333333333333336 -6.8705882352941181 -6.8078431372549018 -6.7450980392156863 -6.6823529411764708 -6.6196078431372545 -6.556862745098039 -6.4941176470588236 -6.4313725490196081 -6.3686274509803926 -6.3058823529411763 -6.2431372549019608 -6.1803921568627453 -6.117647058823529 -6.0549019607843135 -0.5 -0.43333333333333335 -0.3666666666666667 -0.29999999999999999 -0.23333333333333334 -0.16666666666666669 -0.099999999999999978 -0.033333333333333326 0.033333333333333326 0.099999999999999978 0.16666666666666663 0.23333333333333328 0.30000000000000004 0.3666666666666667 0.43333333333333335 0.5 -4.9882352941176471 -4.9254901960784316 -4.8627450980392162 -4.7999999999999998 -4.7372549019607844 -4.6745098039215689 -4.6117647058823525 -4.5490196078431371 -4.4862745098039216 -4.4235294117647062 -4.3607843137254907 -4.2980392156862743 -4.2352941176470589 -4.1725490196078434 -4.1098039215686271 -4.0470588235294116 -3.9843137254901961 -3.9215686274509807 -3.8588235294117652 -3.7960784313725489 -3.7333333333333334 -3.6705882352941179 -3.6078431372549016 -3.5450980392156861 -3.4823529411764707 -3.4196078431372552 -3.3568627450980397 -3.2941176470588234 -3.2313725490196079 -3.1686274509803924 -3.1058823529411761 -3.0431372549019606 0.40000000000000002 0.34666666666666668 0.29333333333333333 0.24000000000000002 0.18666666666666668 0.13333333333333336 0.080000000000000016 0.026666666666666672 -0.026666666666666672 -0.080000000000000016 -0.1333333333333333 -0.18666666666666665 -0.23999999999999999 -0.29333333333333333 -0.34666666666666668 -0.40000000000000002 -1.9764705882352942 -1.9137254901960787 -1.8509803921568633 -1.7882352941176469 -1.7254901960784315 -1.662745098039216 -1.5999999999999996 -1.5372549019607842 -1.4745098039215687 -1.4117647058823533 -1.3490196078431378 -1.2862745098039214 -1.223529411764706 -1.1607843137254905 -1.0980392156862742 -1.0352941176470587 -0.97254901960784323 -0.90980392156862777 -0.84705882352941231 -0.78431372549019596 -0.72156862745098049 -0.65882352941176503 -0.59607843137254868 -0.53333333333333321 -0.47058823529411775 -0.40784313725490229 -0.34509803921568682 -0.28235294117647047 -0.21960784313725501 -0.15686274509803955 -0.094117647058823195 -0.031372549019607732 0.031372549019607732 0.094117647058823195 0.15686274509803866 0.21960784313725412 0.28235294117646959 0.34509803921568682 0.40784313725490229 0.47058823529411775 0.53333333333333321 0.59607843137254868 0.65882352941176414 0.7215686274509796 0.78431372549019684 0.84705882352941231 0.90980392156862777 0.97254901960784323 1.0352941176470587 1.0980392156862742 1.1607843137254896 1.2235294117647051 1.2862745098039206 1.3490196078431378 1.4117647058823533 1.4745098039215687 1.5372549019607842 1.5999999999999996 1.6627450980392151 1.7254901960784306 1.7882352941176478 1.8509803921568633 1.9137254901960787 1.9764705882352942 2.0392156862745097 2.1019607843137251 2.1647058823529406 2.2274509803921561 2.2901960784313715 2.3529411764705888 2.4156862745098042 2.4784313725490197 2.5411764705882351 2.6039215686274506 2.6666666666666661 2.7294117647058815 2.7921568627450988 2.8549019607843142 2.9176470588235297 2.9803921568627452 3.0431372549019606 3.1058823529411761 3.1686274509803916 3.231372549019607 3.2941176470588225 3.3568627450980397 3.4196078431372552 3.4823529411764707 3.5450980392156861 3.6078431372549016 3.670588235294117 3.7333333333333325 3.7960784313725497 3.8588235294117652 3.9215686274509807 3.9843137254901961 4.0470588235294116 4.1098039215686271 4.1725490196078425 4.235294117647058 4.2980392156862735 4.3607843137254907 4.4235294117647062 4.4862745098039216 4.5490196078431371 4.6117647058823525 4.674509803921568 4.7372549019607835 4.8000000000000007 4.8627450980392162 4.9254901960784316 4.9882352941176471 5.0509803921568626 5.113725490196078 5.1764705882352935 5.239215686274509 5.3019607843137244 5.3647058823529417 5.4274509803921571 5.4901960784313726 5.552941176470588 5.6156862745098035 5.678431372549019 5.7411764705882344 5.8039215686274517 5.8666666666666671 5.9294117647058826 5.9921568627450981 6.0549019607843135 6.117647058823529 6.1803921568627445 6.2431372549019599 6.3058823529411754 6.3686274509803926 6.4313725490196081 6.4941176470588236 6.556862745098039 6.6196078431372545 6.6823529411764699 6.7450980392156854 6.8078431372549026 6.8705882352941181 6.9333333333333336 6.996078431372549 7.0588235294117645 7.12156862745098 7.1843137254901954 7.2470588235294109 7.3098039215686264 7.3725490196078436 7.4352941176470591 7.4980392156862745 7.56078431372549 7.6235294117647054 7.6862745098039209 7.7490196078431364 7.8117647058823536 7.8745098039215691 7.9372549019607845 8
gather 16 4 1 0 16 32 33 34 35 36 37 38 39 40 41 42 43 44 45 46 47
gather 16 3.2000000000000002 1 0 16 80 81 82 83 84 85 86 87 88 89 90 91 92 93 94 95
add 16 1 2 1 2 0
mul 16 1.6000000000000001 2 1 2 0
mul 16 2 2 1 1 0
mulp 16 4 1 1 16 -1 -1 -1 -1 -1 -1 -1 -1 -1 -1 -1 -1 -1 -1 -1 -1
addp 16 4.7999999999999998 1 1 16 0.10000000000000001 0.10000000000000001 0.10000000000000001 0.10000000000000001 0.10000000000000001 0.10000000000000001 0.10000000000000001 0.10000000000000001 0.10000000000000001 0.10000000000000001 0.10000000000000001 0.10000000000000001 0.10000000000000001 0.10000000000000001 0.10000000000000001 0.10000000000000001
mulp 16 4 1 1 16 0.80000000000000004 0.81333333333333335 0.82666666666666666 0.84000000000000008 0.85333333333333339 0.8666666666666667 0.88 0.89333333333333331 0.90666666666666673 0.92000000000000004 0.93333333333333335 0.94666666666666666 0.95999999999999996 0.97333333333333338 0.98666666666666669 1
gather 8 2.3999999999999999 1 1 8 3 4 5 6 7 8 9 10
gather 5 3.4666666666666668 1 1 5 1 4 7 10 13
sum 4 12.800000000000001 1 1 1 4
linear 16 2 1 1 256 0.5 0 0 0 0 0 0 0 0 0 0 0 0 0 0 0 0 0.5 0 0 0 0 0 0 0 0 0 0 0 0 0 0 0 0 0.5 0 0 0 0 0 0 0 0 0 0 0 0 0 0 0 0 0.5 0 0 0 0 0 0 0 0 0 0 0 0 0 0 0 0 0.5 0 0 0 0 0 0 0 0 0 0 0 0 0 0 0 0 0.5 0 0 0 0 0 0 0 0 0 0 0 0 0 0 0 0 0.5 0 0 0 0 0 0 0 0 0 0 0 0 0 0 0 0 0.5 0 0 0 0 0 0 0 0 0 0 0 0 0 0 0 0 0.5 0 0 0 0 0 0 0 0 0 0 0 0 0 0 0 0 0.5 0 0 0 0 0 0 0 0 0 0 0 0 0 0 0 0 0.5 0 0 0 0 0 0 0 0 0 0 0 0 0 0 0 0 0.5 0 0 0 0 0 0 0 0 0 0 0 0 0 0 0 0 0.5 0 0 0 0 0 0 0 0 0 0 0 0 0 0 0 0 0.5 0 0 0 0 0 0 0 0 0 0 0 0 0 0 0 0 0.5 0 0 0 0 0 0 0 0 0 0 0 0 0 0 0 0 0.5
repeat 48 4 1 1 3 16 1 3
scatter 32 4 1 1 16 0 1 2 3 4 5 6 7 8 9 10 11 12 13 14 15
scatter 32 3.2000000000000002 1 2 16 16 17 18 19 20 21 22 23 24 25 26 27 28 29 30 31
add 32 4 2 14 15 0
cheb 16 2.5899999999999999 1 1 10 -1 1 0.10000000000000001 0.40000000000000002 -0.070000000000000007 0.01 0.002 -0.001 0.00020000000000000001 0.0001
cheb 16 2.3780512972799999 1 2 10 -1 1 0.10000000000000001 0.40000000000000002 -0.070000000000000007 0.01 0.002 -0.001 0.00020000000000000001 0.0001
input 64 3.2000000000000002 0 64 -0.40000000000000002 -0.38730158730158731 -0.3746031746031746 -0.36190476190476195 -0.34920634920634924 -0.33650793650793653 -0.32380952380952382 -0.31111111111111112 -0.29841269841269846 -0.28571428571428575 -0.27301587301587305 -0.26031746031746034 -0.24761904761904763 -0.23492063492063495 -0.22222222222222224 -0.20952380952380956 -0.19682539682539685 -0.18412698412698414 -0.17142857142857146 -0.15873015873015875 -0.14603174603174607 -0.13333333333333336 -0.12063492063492065 -0.10793650793650794 -0.095238095238095233 -0.08253968253968258 -0.069841269841269871 -0.057142857142857162 -0.044444444444444453 -0.031746031746031744 -0.019047619047619091 -0.0063492063492063822 0.0063492063492063266 0.019047619047619035 0.031746031746031744 0.044444444444444398 0.057142857142857106 0.069841269841269815 0.082539682539682524 0.095238095238095233 0.10793650793650789 0.12063492063492065 0.1333333333333333 0.14603174603174596 0.15873015873015872 0.17142857142857137 0.18412698412698414 0.19682539682539679 0.20952380952380956 0.22222222222222221 0.23492063492063486 0.24761904761904763 0.26031746031746028 0.27301587301587305 0.2857142857142857 0.29841269841269835 0.31111111111111112 0.32380952380952377 0.33650793650793653 0.34920634920634919 0.36190476190476184 0.3746031746031746 0.38730158730158726 0.40000000000000002
mulp 64 3.1968000000000001 1 19 64 0.999 0.999 0.999 0.999 0.999 0.999 0.999 0.999 0.999 0.999 0.999 0.999 0.999 0.999 0.999 0.999 0.999 0.999 0.999 0.999 0.999 0.999 0.999 0.999 0.999 0.999 0.999 0.999 0.999 0.999 0.999 0.999 0.999 0.999 0.999 0.999 0.999 0.999 0.999 0.999 0.999 0.999 0.999 0.999 0.999 0.999 0.999 0.999 0.999 0.999 0.999 0.999 0.999 0.999 0.999 0.999 0.999 0.999 0.999 0.999 0.999 0.999 0.999 0.999
mulp 64 3.1936032000000001 1 20 64 0.999 0.999 0.999 0.999 0.999 0.999 0.999 0.999 0.999 0.999 0.999 0.999 0.999 0.999 0.999 0.999 0.999 0.999 0.999 0.999 0.999 0.999 0.999 0.999 0.999 0.999 0.999 0.999 0.999 0.999 0.999 0.999 0.999 0.999 0.999 0.999 0.999 0.999 0.999 0.999 0.999 0.999 0.999 0.999 0.999 0.999 0.999 0.999 0.999 0.999 0.999 0.999 0.999 0.999 0.999 0.999 0.999 0.999 0.999 0.999 0.999 0.999 0.999 0.999
mulp 64 3.1904095967999999 1 21 64 0.999 0.999 0.999 0.999 0.999 0.999 0.999 0.999 0.999 0.999 0.999 0.999 0.999 0.999 0.999 0.999 0.999 0.999 0.999 0.999 0.999 0.999 0.999 0.999 0.999 0.999 0.999 0.999 0.999 0.999 0.999 0.999 0.999 0.999 0.999 0.999 0.999 0.999 0.999 0.999 0.999 0.999 0.999 0.999 0.999 0.999 0.999 0.999 0.999 0.999 0.999 0.999 0.999 0.999 0.999 0.999 0.999 0.999 0.999 0.999 0.999 0.999 0.999 0.999
mulp 64 3.1872191872031999 1 22 64 0.999 0.999 0.999 0.999 0.999 0.999 0.999 0.999 0.999 0.999 0.999 0.999 0.999 0.999 0.999 0.999 0.999 0.999 0.999 0.999 0.999 0.999 0.999 0.999 0.999 0.999 0.999 0.999 0.999 0.999 0.999 0.999 0.999 0.999 0.999 0.999 0.999 0.999 0.999 0.999 0.999 0.999 0.999 0.999 0.999 0.999 0.999 0.999 0.999 0.999 0.999 0.999 0.999 0.999 0.999 0.999 0.999 0.999 0.999 0.999 0.999 0.999 0.999 0.999
mulp 64 3.1840319680159967 1 23 64 0.999 0.999 0.999 0.999 0.999 0.999 0.999 0.999 0.999 0.999 0.999 0.999 0.999 0.999 0.999 0.999 0.999 0.999 0.999 0.999 0.999 0.999 0.999 0.999 0.999 0.999 0.999 0.999 0.999 0.999 0.999 0.999 0.999 0.999 0.999 0.999 0.999 0.999 0.999 0.999 0.999 0.999 0.999 0.999 0.999 0.999 0.999 0.999 0.999 0.999 0.999 0.999 0.999 0.999 0.999 0.999 0.999 0.999 0.999 0.999 0.999 0.999 0.999 0.999
mulp 64 3.1808479360479809 1 24 64 0.999 0.999 0.999 0.999 0.999 0.999 0.999 0.999 0.999 0.999 0.999 0.999 0.999 0.999 0.999 0.999 0.999 0.999 0.999 0.999 0.999 0.999 0.999 0.999 0.999 0.999 0.999 0.999 0.999 0.999 0.999 0.999 0.999 0.999 0.999 0.999 0.999 0.999 0.999 0.999 0.999 0.999 0.999 0.999 0.999 0.999 0.999 0.999 0.999 0.999 0.999 0.999 0.999 0.999 0.999 0.999 0.999 0.999 0.999 0.999 0.999 0.999 0.999 0.999
mulp 64 3.1776670881119329 1 25 64 0.999 0.999 0.999 0.999 0.999 0.999 0.999 0.999 0.999 0.999 0.999 0.999 0.999 0.999 0.999 0.999 0.999 0.999 0.999 0.999 0.999 0.999 0.999 0.999 0.999 0.999 0.999 0.999 0.999 0.999 0.999 0.999 0.999 0.999 0.999 0.999 0.999 0.999 0.999 0.999 0.999 0.999 0.999 0.999 0.999 0.999 0.999 0.999 0.999 0.999 0.999 0.999 0.999 0.999 0.999 0.999 0.999 0.999 0.999 0.999 0.999 0.999 0.999 0.999
mulp 64 3.174489421023821 1 26 64 0.999 0.999 0.999 0.999 0.999 0.999 0.999 0.999 0.999 0.999 0.999 0.999 0.999 0.999 0.999 0.999 0.999 0.999 0.999 0.999 0.999 0.999 0.999 0.999 0.999 0.999 0.999 0.999 0.999 0.999 0.999 0.999 0.999 0.999 0.999 0.999 0.999 0.999 0.999 0.999 0.999 0.999 0.999 0.999 0.999 0.999 0.999 0.999 0.999 0.999 0.999 0.999 0.999 0.999 0.999 0.999 0.999 0.999 0.999 0.999 0.999 0.999 0.999 0.999
mulp 64 3.1713149316027973 1 27 64 0.999 0.999 0.999 0.999 0.999 0.999 0.999 0.999 0.999 0.999 0.999 0.999 0.999 0.999 0.999 0.999 0.999 0.999 0.999 0.999 0.999 0.999 0.999 0.999 0.999 0.999 0.999 0.999 0.999 0.999 0.999 0.999 0.999 0.999 0.999 0.999 0.999 0.999 0.999 0.999 0.999 0.999 0.999 0.999 0.999 0.999 0.999 0.999 0.999 0.999 0.999 0.999 0.999 0.999 0.999 0.999 0.999 0.999 0.999 0.999 0.999 0.999 0.999 0.999
mulp 64 3.1681436166711947 1 28 64 0.999 0.999 0.999 0.999 0.999 0.999 0.999 0.999 0.999 0.999 0.999 0.999 0.999 0.999 0.999 0.999 0.999 0.999 0.999 0.999 0.999 0.999 0.999 0.999 0.999 0.999 0.999 0.999 0.999 0.999 0.999 0.999 0.999 0.999 0.999 0.999 0.999 0.999 0.999 0.999 0.999 0.999 0.999 0.999 0.999 0.999 0.999 0.999 0.999 0.999 0.999 0.999 0.999 0.999 0.999 0.999 0.999 0.999 0.999 0.999 0.999 0.999 0.999 0.999
mulp 64 3.1649754730545236 1 29 64 0.999 0.999 0.999 0.999 0.999 0.999 0.999 0.999 0.999 0.999 0.999 0.999 0.999 0.999 0.999 0.999 0.999 0.999 0.999 0.999 0.999 0.999 0.999 0.999 0.999 0.999 0.999 0.999 0.999 0.999 0.999 0.999 0.999 0.999 0.999 0.999 0.999 0.999 0.999 0.999 0.999 0.999 0.999 0.999 0.999 0.999 0.999 0.999 0.999 0.999 0.999 0.999 0.999 0.999 0.999 0.999 0.999 0.999 0.999 0.999 0.999 0.999 0.999 0.999
mulp 64 3.1618104975814689 1 30 64 0.999 0.999 0.999 0.999 0.999 0.999 0.999 0.999 0.999 0.999 0.999 0.999 0.999 0.999 0.999 0.999 0.999 0.999 0.999 0.999 0.999 0.999 0.999 0.999 0.999 0.999 0.999 0.999 0.999 0.999 0.999 0.999 0.999 0.999 0.999 0.999 0.999 0.999 0.999 0.999 0.999 0.999 0.999 0.999 0.999 0.999 0.999 0.999 0.999 0.999 0.999 0.999 0.999 0.999 0.999 0.999 0.999 0.999 0.999 0.999 0.999 0.999 0.999 0.999
mulp 64 3.1586486870838875 1 31 64 0.999 0.999 0.999 0.999 0.999 0.999 0.999 0.999 0.999 0.999 0.999 0.999 0.999 0.999 0.999 0.999 0.999 0.999 0.999 0.999 0.999 0.999 0.999 0.999 0.999 0.999 0.999 0.999 0.999 0.999 0.999 0.999 0.999 0.999 0.999 0.999 0.999 0.999 0.999 0.999 0.999 0.999 0.999 0.999 0.999 0.999 0.999 0.999 0.999 0.999 0.999 0.999 0.999 0.999 0.999 0.999 0.999 0.999 0.999 0.999 0.999 0.999 0.999 0.999
mulp 64 3.1554900383968034 1 32 64 0.999 0.999 0.999 0.999 0.999 0.999 0.999 0.999 0.999 0.999 0.999 0.999 0.999 0.999 0.999 0.999 0.999 0.999 0.999 0.999 0.999 0.999 0.999 0.999 0.999 0.999 0.999 0.999 0.999 0.999 0.999 0.999 0.999 0.999 0.999 0.999 0.999 0.999 0.999 0.999 0.999 0.999 0.999 0.999 0.999 0.999 0.999 0.999 0.999 0.999 0.999 0.999 0.999 0.999 0.999 0.999 0.999 0.999 0.999 0.999 0.999 0.999 0.999 0.999
mulp 64 3.1523345483584064 1 33 64 0.999 0.999 0.999 0.999 0.999 0.999 0.999 0.999 0.999 0.999 0.999 0.999 0.999 0.999 0.999 0.999 0.999 0.999 0.999 0.999 0.999 0.999 0.999 0.999 0.999 0.999 0.999 0.999 0.999 0.999 0.999 0.999 0.999 0.999 0.999 0.999 0.999 0.999 0.999 0.999 0.999 0.999 0.999 0.999 0.999 0.999 0.999 0.999 0.999 0.999 0.999 0.999 0.999 0.999 0.999 0.999 0.999 0.999 0.999 0.999 0.999 0.999 0.999 0.999
mulp 64 3.149182213810048 1 34 64 0.999 0.999 0.999 0.999 0.999 0.999 0.999 0.999 0.999 0.999 0.999 0.999 0.999 0.999 0.999 0.999 0.999 0.999 0.999 0.999 0.999 0.999 0.999 0.999 0.999 0.999 0.999 0.999 0.999 0.999 0.999 0.999 0.999 0.999 0.999 0.999 0.999 0.999 0.999 0.999 0.999 0.999 0.999 0.999 0.999 0.999 0.999 0.999 0.999 0.999 0.999 0.999 0.999 0.999 0.999 0.999 0.999 0.999 0.999 0.999 0.999 0.999 0.999 0.999
mulp 64 3.1460330315962381 1 35 64 0.999 0.999 0.999 0.999 0.999 0.999 0.999 0.999 0.999 0.999 0.999 0.999 0.999 0.999 0.999 0.999 0.999 0.999 0.999 0.999 0.999 0.999 0.999 0.999 0.999 0.999 0.999 0.999 0.999 0.999 0.999 0.999 0.999 0.999 0.999 0.999 0.999 0.999 0.999 0.999 0.999 0.999 0.999 0.999 0.999 0.999 0.999 0.999 0.999 0.999 0.999 0.999 0.999 0.999 0.999 0.999 0.999 0.999 0.999 0.999 0.999 0.999 0.999 0.999
mulp 64 3.1428869985646419 1 36 64 0.999 0.999 0.999 0.999 0.999 0.999 0.999 0.999 0.999 0.999 0.999 0.999 0.999 0.999 0.999 0.999 0.999 0.999 0.999 0.999 0.999 0.999 0.999 0.999 0.999 0.999 0.999 0.999 0.999 0.999 0.999 0.999 0.999 0.999 0.999 0.999 0.999 0.999 0.999 0.999 0.999 0.999 0.999 0.999 0.999 0.999 0.999 0.999 0.999 0.999 0.999 0.999 0.999 0.999 0.999 0.999 0.999 0.999 0.999 0.999 0.999 0.999 0.999 0.999
mulp 64 3.1397441115660771 1 37 64 0.999 0.999 0.999 0.999 0.999 0.999 0.999 0.999 0.999 0.999 0.999 0.999 0.999 0.999 0.999 0.999 0.999 0.999 0.999 0.999 0.999 0.999 0.999 0.999 0.999 0.999 0.999 0.999 0.999 0.999 0.999 0.999 0.999 0.999 0.999 0.999 0.999 0.999 0.999 0.999 0.999 0.999 0.999 0.999 0.999 0.999 0.999 0.999 0.999 0.999 0.999 0.999 0.999 0.999 0.999 0.999 0.999 0.999 0.999 0.999 0.999 0.999 0.999 0.999
mulp 64 3.136604367454511 1 38 64 0.999 0.999 0.999 0.999 0.999 0.999 0.999 0.999 0.999 0.999 0.999 0.999 0.999 0.999 0.999 0.999 0.999 0.999 0.999 0.999 0.999 0.999 0.999 0.999 0.999 0.999 0.999 0.999 0.999 0.999 0.999 0.999 0.999 0.999 0.999 0.999 0.999 0.999 0.999 0.999 0.999 0.999 0.999 0.999 0.999 0.999 0.999 0.999 0.999 0.999 0.999 0.999 0.999 0.999 0.999 0.999 0.999 0.999 0.999 0.999 0.999 0.999 0.999 0.999
mulp 64 3.1334677630870567 1 39 64 0.999 0.999 0.999 0.999 0.999 0.999 0.999 0.999 0.999 0.999 0.999 0.999 0.999 0.999 0.999 0.999 0.999 0.999 0.999 0.999 0.999 0.999 0.999 0.999 0.999 0.999 0.999 0.999 0.999 0.999 0.999 0.999 0.999 0.999 0.999 0.999 0.999 0.999 0.999 0.999 0.999 0.999 0.999 0.999 0.999 0.999 0.999 0.999 0.999 0.999 0.999 0.999 0.999 0.999 0.999 0.999 0.999 0.999 0.999 0.999 0.999 0.999 0.999 0.999
mulp 64 3.1303342953239697 1 40 64 0.999 0.999 0.999 0.999 0.999 0.999 0.999 0.999 0.999 0.999 0.999 0.999 0.999 0.999 0.999 0.999 0.999 0.999 0.999 0.999 0.999 0.999 0.999 0.999 0.999 0.999 0.999 0.999 0.999 0.999 0.999 0.999 0.999 0.999 0.999 0.999 0.999 0.999 0.999 0.999 0.999 0.999 0.999 0.999 0.999 0.999 0.999 0.999 0.999 0.999 0.999 0.999 0.999 0.999 0.999 0.999 0.999 0.999 0.999 0.999 0.999 0.999 0.999 0.999
mulp 64 3.1272039610286457 1 41 64 0.999 0.999 0.999 0.999 0.999 0.999 0.999 0.999 0.999 0.999 0.999 0.999 0.999 0.999 0.999 0.999 0.999 0.999 0.999 0.999 0.999 0.999 0.999 0.999 0.999 0.999 0.999 0.999 0.999 0.999 0.999 0.999 0.999 0.999 0.999 0.999 0.999 0.999 0.999 0.999 0.999 0.999 0.999 0.999 0.999 0.999 0.999 0.999 0.999 0.999 0.999 0.999 0.999 0.999 0.999 0.999 0.999 0.999 0.999 0.999 0.999 0.999 0.999 0.999
mulp 64 3.1240767570676171 1 42 64 0.999 0.999 0.999 0.999 0.999 0.999 0.999 0.999 0.999 0.999 0.999 0.999 0.999 0.999 0.999 0.999 0.999 0.999 0.999 0.999 0.999 0.999 0.999 0.999 0.999 0.999 0.999 0.999 0.999 0.999 0.999 0.999 0.999 0.999 0.999 0.999 0.999 0.999 0.999 0.999 0.999 0.999 0.999 0.999 0.999 0.999 0.999 0.999 0.999 0.999 0.999 0.999 0.999 0.999 0.999 0.999 0.999 0.999 0.999 0.999 0.999 0.999 0.999 0.999
mulp 64 3.1209526803105496 1 43 64 0.999 0.999 0.999 0.999 0.999 0.999 0.999 0.999 0.999 0.999 0.999 0.999 0.999 0.999 0.999 0.999 0.999 0.999 0.999 0.999 0.999 0.999 0.999 0.999 0.999 0.999 0.999 0.999 0.999 0.999 0.999 0.999 0.999 0.999 0.999 0.999 0.999 0.999 0.999 0.999 0.999 0.999 0.999 0.999 0.999 0.999 0.999 0.999 0.999 0.999 0.999 0.999 0.999 0.999 0.999 0.999 0.999 0.999 0.999 0.999 0.999 0.999 0.999 0.999
mulp 64 3.117831727630239 1 44 64 0.999 0.999 0.999 0.999 0.999 0.999 0.999 0.999 0.999 0.999 0.999 0.999 0.999 0.999 0.999 0.999 0.999 0.999 0.999 0.999 0.999 0.999 0.999 0.999 0.999 0.999 0.999 0.999 0.999 0.999 0.999 0.999 0.999 0.999 0.999 0.999 0.999 0.999 0.999 0.999 0.999 0.999 0.999 0.999 0.999 0.999 0.999 0.999 0.999 0.999 0.999 0.999 0.999 0.999 0.999 0.999 0.999 0.999 0.999 0.999 0.999 0.999 0.999 0.999
mulp 64 3.1147138959026086 1 45 64 0.999 0.999 0.999 0.999 0.999 0.999 0.999 0.999 0.999 0.999 0.999 0.999 0.999 0.999 0.999 0.999 0.999 0.999 0.999 0.999 0.999 0.999 0.999 0.999 0.999 0.999 0.999 0.999 0.999 0.999 0.999 0.999 0.999 0.999 0.999 0.999 0.999 0.999 0.999 0.999 0.999 0.999 0.999 0.999 0.999 0.999 0.999 0.999 0.999 0.999 0.999 0.999 0.999 0.999 0.999 0.999 0.999 0.999 0.999 0.999 0.999 0.999 0.999 0.999
mulp 64 3.1115991820067062 1 46 64 0.999 0.999 0.999 0.999 0.999 0.999 0.999 0.999 0.999 0.999 0.999 0.999 0.999 0.999 0.999 0.999 0.999 0.999 0.999 0.999 0.999 0.999 0.999 0.999 0.999 0.999 0.999 0.999 0.999 0.999 0.999 0.999 0.999 0.999 0.999 0.999 0.999 0.999 0.999 0.999 0.999 0.999 0.999 0.999 0.999 0.999 0.999 0.999 0.999 0.999 0.999 0.999 0.999 0.999 0.999 0.999 0.999 0.999 0.999 0.999 0.999 0.999 0.999 0.999
mulp 64 3.1084875828246994 1 47 64 0.999 0.999 0.999 0.999 0.999 0.999 0.999 0.999 0.999 0.999 0.999 0.999 0.999 0.999 0.999 0.999 0.999 0.999 0.999 0.999 0.999 0.999 0.999 0.999 0.999 0.999 0.999 0.999 0.999 0.999 0.999 0.999 0.999 0.999 0.999 0.999 0.999 0.999 0.999 0.999 0.999 0.999 0.999 0.999 0.999 0.999 0.999 0.999 0.999 0.999 0.999 0.999 0.999 0.999 0.999 0.999 0.999 0.999 0.999 0.999 0.999 0.999 0.999 0.999
mulp 64 3.1053790952418745 1 48 64 0.999 0.999 0.999 0.999 0.999 0.999 0.999 0.999 0.999 0.999 0.999 0.999 0.999 0.999 0.999 0.999 0.999 0.999 0.999 0.999 0.999 0.999 0.999 0.999 0.999 0.999 0.999 0.999 0.999 0.999 0.999 0.999 0.999 0.999 0.999 0.999 0.999 0.999 0.999 0.999 0.999 0.999 0.999 0.999 0.999 0.999 0.999 0.999 0.999 0.999 0.999 0.999 0.999 0.999 0.999 0.999 0.999 0.999 0.999 0.999 0.999 0.999 0.999 0.999
mulp 64 3.1022737161466325 1 49 64 0.999 0.999 0.999 0.999 0.999 0.999 0.999 0.999 0.999 0.999 0.999 0.999 0.999 0.999 0.999 0.999 0.999 0.999 0.999 0.999 0.999 0.999 0.999 0.999 0.999 0.999 0.999 0.999 0.999 0.999 0.999 0.999 0.999 0.999 0.999 0.999 0.999 0.999 0.999 0.999 0.999 0.999 0.999 0.999 0.999 0.999 0.999 0.999 0.999 0.999 0.999 0.999 0.999 0.999 0.999 0.999 0.999 0.999 0.999 0.999 0.999 0.999 0.999 0.999
mulp 64 3.0991714424304857 1 50 64 0.999 0.999 0.999 0.999 0.999 0.999 0.999 0.999 0.999 0.999 0.999 0.999 0.999 0.999 0.999 0.999 0.999 0.999 0.999 0.999 0.999 0.999 0.999 0.999 0.999 0.999 0.999 0.999 0.999 0.999 0.999 0.999 0.999 0.999 0.999 0.999 0.999 0.999 0.999 0.999 0.999 0.999 0.999 0.999 0.999 0.999 0.999 0.999 0.999 0.999 0.999 0.999 0.999 0.999 0.999 0.999 0.999 0.999 0.999 0.999 0.999 0.999 0.999 0.999
mulp 64 3.096072270988055 1 51 64 0.999 0.999 0.999 0.999 0.999 0.999 0.999 0.999 0.999 0.999 0.999 0.999 0.999 0.999 0.999 0.999 0.999 0.999 0.999 0.999 0.999 0.999 0.999 0.999 0.999 0.999 0.999 0.999 0.999 0.999 0.999 0.999 0.999 0.999 0.999 0.999 0.999 0.999 0.999 0.999 0.999 0.999 0.999 0.999 0.999 0.999 0.999 0.999 0.999 0.999 0.999 0.999 0.999 0.999 0.999 0.999 0.999 0.999 0.999 0.999 0.999 0.999 0.999 0.999
mulp 64 3.092976198717067 1 52 64 0.999 0.999 0.999 0.999 0.999 0.999 0.999 0.999 0.999 0.999 0.999 0.999 0.999 0.999 0.999 0.999 0.999 0.999 0.999 0.999 0.999 0.999 0.999 0.999 0.999 0.999 0.999 0.999 0.999 0.999 0.999 0.999 0.999 0.999 0.999 0.999 0.999 0.999 0.999 0.999 0.999 0.999 0.999 0.999 0.999 0.999 0.999 0.999 0.999 0.999 0.999 0.999 0.999 0.999 0.999 0.999 0.999 0.999 0.999 0.999 0.999 0.999 0.999 0.999
mulp 64 3.0898832225183499 1 53 64 0.999 0.999 0.999 0.999 0.999 0.999 0.999 0.999 0.999 0.999 0.999 0.999 0.999 0.999 0.999 0.999 0.999 0.999 0.999 0.999 0.999 0.999 0.999 0.999 0.999 0.999 0.999 0.999 0.999 0.999 0.999 0.999 0.999 0.999 0.999 0.999 0.999 0.999 0.999 0.999 0.999 0.999 0.999 0.999 0.999 0.999 0.999 0.999 0.999 0.999 0.999 0.999 0.999 0.999 0.999 0.999 0.999 0.999 0.999 0.999 0.999 0.999 0.999 0.999
mulp 64 3.0867933392958316 1 54 64 0.999 0.999 0.999 0.999 0.999 0.999 0.999 0.999 0.999 0.999 0.999 0.999 0.999 0.999 0.999 0.999 0.999 0.999 0.999 0.999 0.999 0.999 0.999 0.999 0.999 0.999 0.999 0.999 0.999 0.999 0.999 0.999 0.999 0.999 0.999 0.999 0.999 0.999 0.999 0.999 0.999 0.999 0.999 0.999 0.999 0.999 0.999 0.999 0.999 0.999 0.999 0.999 0.999 0.999 0.999 0.999 0.999 0.999 0.999 0.999 0.999 0.999 0.999 0.999
mulp 64 3.0837065459565358 1 55 64 0.999 0.999 0.999 0.999 0.999 0.999 0.999 0.999 0.999 0.999 0.999 0.999 0.999 0.999 0.999 0.999 0.999 0.999 0.999 0.999 0.999 0.999 0.999 0.999 0.999 0.999 0.999 0.999 0.999 0.999 0.999 0.999 0.999 0.999 0.999 0.999 0.999 0.999 0.999 0.999 0.999 0.999 0.999 0.999 0.999 0.999 0.999 0.999 0.999 0.999 0.999 0.999 0.999 0.999 0.999 0.999 0.999 0.999 0.999 0.999 0.999 0.999 0.999 0.999
mulp 64 3.0806228394105792 1 56 64 0.999 0.999 0.999 0.999 0.999 0.999 0.999 0.999 0.999 0.999 0.999 0.999 0.999 0.999 0.999 0.999 0.999 0.999 0.999 0.999 0.999 0.999 0.999 0.999 0.999 0.999 0.999 0.999 0.999 0.999 0.999 0.999 0.999 0.999 0.999 0.999 0.999 0.999 0.999 0.999 0.999 0.999 0.999 0.999 0.999 0.999 0.999 0.999 0.999 0.999 0.999 0.999 0.999 0.999 0.999 0.999 0.999 0.999 0.999 0.999 0.999 0.999 0.999 0.999
gather 8 3.0806228394105792 1 57 8 0 1 2 3 4 5 6 7
cheb 8 1 1 58 10 -1 1 0.10000000000000001 0.40000000000000002 -0.070000000000000007 0.01 0.002 -0.001 0.00020000000000000001 0.0001
gather 8 2.2982424357507507 1 57 8 8 9 10 11 12 13 14 15
cheb 8 1 1 60 10 -1 1 0.10000000000000001 0.40000000000000002 -0.070000000000000007 0.01 0.002 -0.001 0.00020000000000000001 0.0001
gather 8 1 1 57 8 24 25 26 27 28 29 30 31
cheb 8 1.3565405061444085 1 62 10 -1 1 0.10000000000000001 0.40000000000000002 -0.070000000000000007 0.01 0.002 -0.001 0.00020000000000000001 0.0001
gather 8 2.2982424357507498 1 57 8 48 49 50 51 52 53 54 55
cheb 8 2.1234317824044195 1 64 10 -1 1 0.10000000000000001 0.40000000000000002 -0.070000000000000007 0.01 0.002 -0.001 0.00020000000000000001 0.0001
1 16 -0.5 -0.43333333333333335 -0.3666666666666667 -0.29999999999999999 -0.23333333333333334 -0.16666666666666669 -0.099999999999999978 -0.033333333333333326 0.033333333333333326 0.099999999999999978 0.16666666666666663 0.23333333333333328 0.30000000000000004 0.3666666666666667 0.43333333333333335 0.5 -0.5 -0.43333333333333335 -0.3666666666666667 -0.29999999999999999 -0.23333333333333334 -0.16666666666666669 -0.099999999999999978 -0.033333333333333326 0.033333333333333326 0.099999999999999978 0.16666666666666663 0.23333333333333328 0.30000000000000004 0.3666666666666667 0.43333333333333335 0.5
2 16 0.40000000000000002 0.34666666666666668 0.29333333333333333 0.24000000000000002 0.18666666666666668 0.13333333333333336 0.080000000000000016 0.026666666666666672 -0.026666666666666672 -0.080000000000000016 -0.1333333333333333 -0.18666666666666665 -0.23999999999999999 -0.29333333333333333 -0.34666666666666668 -0.40000000000000002 0.40000000000000002 0.34666666666666668 0.29333333333333333 0.24000000000000002 0.18666666666666668 0.13333333333333336 0.080000000000000016 0.026666666666666672 -0.026666666666666672 -0.080000000000000016 -0.1333333333333333 -0.18666666666666665 -0.23999999999999999 -0.29333333333333333 -0.34666666666666668 -0.40000000000000002
3 16 -0.099999999999999978 -0.08666666666666667 -0.073333333333333361 -0.05999999999999997 -0.046666666666666662 -0.033333333333333326 -0.019999999999999962 -0.0066666666666666541 0.0066666666666666541 0.019999999999999962 0.033333333333333326 0.046666666666666634 0.060000000000000053 0.073333333333333361 0.08666666666666667 0.099999999999999978 -0.099999999999999978 -0.08666666666666667 -0.073333333333333361 -0.05999999999999997 -0.046666666666666662 -0.033333333333333326 -0.019999999999999962 -0.0066666666666666541 0.0066666666666666541 0.019999999999999962 0.033333333333333326 0.046666666666666634 0.060000000000000053 0.073333333333333361 0.08666666666666667 0.099999999999999978
4 16 -0.20000000000000001 -0.15022222222222223 -0.10755555555555557 -0.072000000000000008 -0.043555555555555556 -0.02222222222222223 -0.0080000000000000002 -0.00088888888888888882 -0.00088888888888888882 -0.0080000000000000002 -0.022222222222222213 -0.043555555555555542 -0.072000000000000008 -0.10755555555555557 -0.15022222222222223 -0.20000000000000001 -0.20000000000000001 -0.15022222222222223 -0.10755555555555557 -0.072000000000000008 -0.043555555555555556 -0.02222222222222223 -0.0080000000000000002 -0.00088888888888888882 -0.00088888888888888882 -0.0080000000000000002 -0.022222222222222213 -0.043555555555555542 -0.072000000000000008 -0.10755555555555557 -0.15022222222222223 -0.20000000000000001
5 16 0.25 0.18777777777777779 0.13444444444444448 0.089999999999999997 0.054444444444444448 0.027777777777777783 0.009999999999999995 0.0011111111111111107 0.0011111111111111107 0.009999999999999995 0.027777777777777766 0.05444444444444442 0.090000000000000024 0.13444444444444448 0.18777777777777779 0.25 0.25 0.18777777777777779 0.13444444444444448 0.089999999999999997 0.054444444444444448 0.027777777777777783 0.009999999999999995 0.0011111111111111107 0.0011111111111111107 0.009999999999999995 0.027777777777777766 0.05444444444444442 0.090000000000000024 0.13444444444444448 0.18777777777777779 0.25
6 16 0.5 0.43333333333333335 0.3666666666666667 0.29999999999999999 0.23333333333333334 0.16666666666666669 0.099999999999999978 0.033333333333333326 -0.033333333333333326 -0.099999999999999978 -0.16666666666666663 -0.23333333333333328 -0.30000000000000004 -0.3666666666666667 -0.43333333333333335 -0.5 0.5 0.43333333333333335 0.3666666666666667 0.29999999999999999 0.23333333333333334 0.16666666666666669 0.099999999999999978 0.033333333333333326 -0.033333333333333326 -0.099999999999999978 -0.16666666666666663 -0.23333333333333328 -0.30000000000000004 -0.3666666666666667 -0.43333333333333335 -0.5
7 16 -0.40000000000000002 -0.33333333333333337 -0.26666666666666672 -0.19999999999999998 -0.13333333333333333 -0.06666666666666668 2.7755575615628914e-17 0.06666666666666668 0.13333333333333333 0.19999999999999998 0.26666666666666661 0.33333333333333326 0.40000000000000002 0.46666666666666667 0.53333333333333333 0.59999999999999998 -0.40000000000000002 -0.33333333333333337 -0.26666666666666672 -0.19999999999999998 -0.13333333333333333 -0.06666666666666668 2.7755575615628914e-17 0.06666666666666668 0.13333333333333333 0.19999999999999998 0.26666666666666661 0.33333333333333326 0.40000000000000002 0.46666666666666667 0.53333333333333333 0.59999999999999998
8 16 -0.40000000000000002 -0.35244444444444445 -0.30311111111111111 -0.252 -0.19911111111111113 -0.14444444444444446 -0.087999999999999981 -0.029777777777777771 0.030222222222222216 0.091999999999999985 0.15555555555555553 0.22088888888888883 0.28800000000000003 0.35688888888888892 0.42755555555555558 0.5 -0.40000000000000002 -0.35244444444444445 -0.30311111111111111 -0.252 -0.19911111111111113 -0.14444444444444446 -0.087999999999999981 -0.029777777777777771 0.030222222222222216 0.091999999999999985 0.15555555555555553 0.22088888888888883 0.28800000000000003 0.35688888888888892 0.42755555555555558 0.5
9 8 -0.29999999999999999 -0.23333333333333334 -0.16666666666666669 -0.099999999999999978 -0.033333333333333326 0.033333333333333326 0.099999999999999978 0.16666666666666663 -0.29999999999999999 -0.23333333333333334 -0.16666666666666669 -0.099999999999999978 -0.033333333333333326 0.033333333333333326 0.099999999999999978 0.16666666666666663
10 5 -0.43333333333333335 -0.23333333333333334 -0.033333333333333326 0.16666666666666663 0.3666666666666667 -0.43333333333333335 -0.23333333333333334 -0.033333333333333326 0.16666666666666663 0.3666666666666667
11 4 -1.6000000000000001 -0.53333333333333333 0.53333333333333321 1.6000000000000001 -1.6000000000000001 -0.53333333333333333 0.53333333333333321 1.6000000000000001
12 16 -0.25 -0.21666666666666667 -0.18333333333333335 -0.14999999999999999 -0.11666666666666667 -0.083333333333333343 -0.049999999999999989 -0.016666666666666663 0.016666666666666663 0.049999999999999989 0.083333333333333315 0.11666666666666664 0.15000000000000002 0.18333333333333335 0.21666666666666667 0.25 -0.25 -0.21666666666666667 -0.18333333333333335 -0.14999999999999999 -0.11666666666666667 -0.083333333333333343 -0.049999999999999989 -0.016666666666666663 0.016666666666666663 0.049999999999999989 0.083333333333333315 0.11666666666666664 0.15000000000000002 0.18333333333333335 0.21666666666666667 0.25
13 48 -0.5 -0.5 -0.5 -0.43333333333333335 -0.43333333333333335 -0.43333333333333335 -0.3666666666666667 -0.3666666666666667 -0.3666666666666667 -0.29999999999999999 -0.29999999999999999 -0.29999999999999999 -0.23333333333333334 -0.23333333333333334 -0.23333333333333334 -0.16666666666666669 -0.16666666666666669 -0.16666666666666669 -0.099999999999999978 -0.099999999999999978 -0.099999999999999978 -0.033333333333333326 -0.033333333333333326 -0.033333333333333326 0.033333333333333326 0.033333333333333326 0.033333333333333326 0.099999999999999978 0.099999999999999978 0.099999999999999978 0.16666666666666663 0.16666666666666663 0.16666666666666663 0.23333333333333328 0.23333333333333328 0.23333333333333328 0.30000000000000004 0.30000000000000004 0.30000000000000004 0.3666666666666667 0.3666666666666667 0.3666666666666667 0.43333333333333335 0.43333333333333335 0.43333333333333335 0.5 0.5 0.5 -0.5 -0.5 -0.5 -0.43333333333333335 -0.43333333333333335 -0.43333333333333335 -0.3666666666666667 -0.3666666666666667 -0.3666666666666667 -0.29999999999999999 -0.29999999999999999 -0.29999999999999999 -0.23333333333333334 -0.23333333333333334 -0.23333333333333334 -0.16666666666666669 -0.16666666666666669 -0.16666666666666669 -0.099999999999999978 -0.099999999999999978 -0.099999999999999978 -0.033333333333333326 -0.033333333333333326 -0.033333333333333326 0.033333333333333326 0.033333333333333326 0.033333333333333326 0.099999999999999978 0.099999999999999978 0.099999999999999978 0.16666666666666663 0.16666666666666663 0.16666666666666663 0.23333333333333328 0.23333333333333328 0.23333333333333328 0.30000000000000004 0.30000000000000004 0.30000000000000004 0.3666666666666667 0.3666666666666667 0.3666666666666667 0.43333333333333335 0.43333333333333335 0.43333333333333335 0.5 0.5 0.5
16 32 -0.5 -0.43333333333333335 -0.3666666666666667 -0.29999999999999999 -0.23333333333333334 -0.16666666666666669 -0.099999999999999978 -0.033333333333333326 0.033333333333333326 0.099999999999999978 0.16666666666666663 0.23333333333333328 0.30000000000000004 0.3666666666666667 0.43333333333333335 0.5 0.40000000000000002 0.34666666666666668 0.29333333333333333 0.24000000000000002 0.18666666666666668 0.13333333333333336 0.080000000000000016 0.026666666666666672 -0.026666666666666672 -0.080000000000000016 -0.1333333333333333 -0.18666666666666665 -0.23999999999999999 -0.29333333333333333 -0.34666666666666668 -0.40000000000000002 -0.5 -0.43333333333333335 -0.3666666666666667 -0.29999999999999999 -0.23333333333333334 -0.16666666666666669 -0.099999999999999978 -0.033333333333333326 0.033333333333333326 0.099999999999999978 0.16666666666666663 0.23333333333333328 0.30000000000000004 0.3666666666666667 0.43333333333333335 0.5 0.40000000000000002 0.34666666666666668 0.29333333333333333 0.24000000000000002 0.18666666666666668 0.13333333333333336 0.080000000000000016 0.026666666666666672 -0.026666666666666672 -0.080000000000000016 -0.1333333333333333 -0.18666666666666665 -0.23999999999999999 -0.29333333333333333 -0.34666666666666668 -0.40000000000000002
17 16 -0.055349999999999983 -0.019353279457741221 0.01480596612243254 0.047144001919999998 0.077704545866154551 0.10655484682213077 0.13378131776000002 0.15948491273276635 0.18377643642059444 0.20677197504 0.22858863740283494 0.24934079491189756 0.26913700928000006 0.2880778367593233 0.30625469766789215 0.32374999999999998 -0.055349999999999983 -0.019353279457741221 0.01480596612243254 0.047144001919999998 0.077704545866154551 0.10655484682213077 0.13378131776000002 0.15948491273276635 0.18377643642059444 0.20677197504 0.22858863740283494 0.24934079491189756 0.26913700928000006 0.2880778367593233 0.30625469766789215 0.32374999999999998
18 16 0.29725641215999998 0.28247978383520933 0.26719746968745239 0.25136170631993759 0.23492098236565501 0.217820413560567 0.20000240202697933 0.18140754017562633 0.16197571963500118 0.14164740561646388 0.12036503712365801 0.098074513414768957 0.07472672712615526 0.050279104465884836 0.024697112885708042 -0.0020443033600000132 0.29725641215999998 0.28247978383520933 0.26719746968745239 0.25136170631993759 0.23492098236565501 0.217820413560567 0.20000240202697933 0.18140754017562633 0.16197571963500118 0.14164740561646388 0.12036503712365801 0.098074513414768957 0.07472672712615526 0.050279104465884836 0.024697112885708042 -0.0020443033600000132
58 8 -0.3850778549263224 -0.37285316111913769 -0.36062846731195292 -0.34840377350476787 -0.33617907969758309 -0.32395438589039816 -0.31172969208321361 -0.29950499827602867 -0.3850778549263224 -0.37285316111913769 -0.36062846731195292 -0.34840377350476787 -0.33617907969758309 -0.32395438589039816 -0.31172969208321361 -0.29950499827602867
59 8 0.0055555354940431817 0.011713197829200564 0.017809455565213378 0.023844498963967356 0.029818549063007654 0.035731856892086356 0.041584702667580034 0.047377394966096706 0.0055555354940431817 0.011713197829200564 0.017809455565213378 0.023844498963967356 0.029818549063007654 0.035731856892086356 0.041584702667580034 0.047377394966096706
60 8 -0.28728030446884384 -0.27505561066165884 -0.26283091685447402 -0.25060622304728924 -0.23838152924010428 -0.22615683543291959 -0.21393214162573465 -0.20170744781854991 -0.28728030446884384 -0.27505561066165884 -0.26283091685447402 -0.25060622304728924 -0.23838152924010428 -0.22615683543291959 -0.21393214162573465 -0.20170744781854991
61 8 0.053110269878584651 0.058783690146263001 0.064398044279686761 0.06995374566226488 0.075451231639545757 0.080890962595586563 0.086273421017723936 0.09159911055105921 0.053110269878584651 0.058783690146263001 0.064398044279686761 0.06995374566226488 0.075451231639545757 0.080890962595586563 0.086273421017723936 0.09159911055105921
62 8 -0.091685203553886291 -0.079460509746701491 -0.067235815939516649 -0.05501112213233178 -0.042786428325146939 -0.0305617345179621 -0.018337040710777311 -0.006112346903592452 -0.091685203553886291 -0.079460509746701491 -0.067235815939516649 -0.05501112213233178 -0.042786428325146939 -0.0305617345179621 -0.018337040710777311 -0.006112346903592452
63 8 0.1370680516007704 0.14185771739133274 0.14659727404280865 0.15128740339652758 0.15592879582288802 0.16052214927005734 0.16506816832212867 0.16956756326805106 0.1370680516007704 0.14185771739133274 0.14659727404280865 0.15128740339652758 0.15592879582288802 0.16052214927005734 0.16506816832212867 0.16956756326805106
64 8 0.20170744781854991 0.21393214162573465 0.22615683543291951 0.23838152924010428 0.25060622304728919 0.26283091685447402 0.27505561066165879 0.28728030446884373 0.20170744781854991 0.21393214162573465 0.22615683543291951 0.23838152924010428 0.25060622304728919 0.26283091685447402 0.27505561066165879 0.28728030446884373
65 8 0.23962187924952441 0.24340484733204901 0.24715465548841689 0.25087196082450924 0.25455741141795574 0.25821164595703883 0.26183529342064127 0.26542897280055244 0.23962187924952441 0.24340484733204901 0.24715465548841689 0.25087196082450924 0.25455741141795574 0.25821164595703883 0.26183529342064127 0.26542897280055244
